3295
38829
45502
52522
70070
72960
117906
130209
140378
163653
186463
198297
249243
257319
264161
282994
298484
314993
317000
352332
370515
408696
433307
451793
477792
487902
492862
501280
510047
512480
518817
529249
545511
607286
610390
611813
620903
625978
632960
640283
651649
659401
679945
720964
731556
738406
741520
743603
744713
745493
749499
839059
846180
871336
899804
922573
1329434
1352646
1359996
1382784
1401928
1420223
1442771
1473830
1480838
1485569
1506609
1516482
1523623
1590297
1610379
1612112
1697694
1721774
1740548
1750561
1764912
1780645
1791514
1817276
1836495
1869304
1950658
2100679
2128310
2141017
2239559
2299184
2308730
2341174
2683466
2878144
3009298
3032688
3034238
3035105
3046429
3149619
3303103
3328498
3821157
3934727
3985676
4071581
4098782
4176573
4365283
4690327
4711217
4718716
4832930
4882872
4911722
5005968
5563350
5659864
6055289
6223905
6268594
6483727
6747203
7340453
7410885
7591465
7684135
7706705
8041302
8119834
8170242
8363141
8760033
8881297
9066351
9361427
9561918
9736638
10030059
10759587
10880609
11137181
11253297
11431931
11707013
12120515
12450452
12497617
12945093
13043029
13630808
13908542
14350494
14387072
14405936
15551343
15641218
17479767
17492464
17511965
17661166
17794913
18149131
20272422
20699734
20873473
21151384
21203842
21374533
21685335
21693393
23155481
23279074
26087398
26398020
26541399
27322128
27554691
27564630
32365653
32906095
33419912
33801277
34237849
34423885
35231887
35819875
36317391
36576761
36648204
37786223
38271760
39267739
41160587
43272050
43403127
44903085
47791562
47868246
49142760
49631892
51030552
54191665
56748733
58485079
61639371
66692456
66733002
75937648
77543886
85816940
94363275
97340936
99781740
118754720
120279132
128912828
135980509
147983220
157330863
169528817
174589427
176135235
194326389
199168733
225347042
258592987
258875006
269415357
271887040
283886865
286113280
292838396
303246676
313248263
316381099
320740464
337827661
343015985
349991143
351609538
351856931
353361863
358695457
364225566
370687372
370689210
372984197
373854628
380829248
385016070
385281102
386900246
387108043
387636363
390647282
392505232
393885664
397244810
399815233
401480763
402417817
406805563
407106379
410520501
410741448
416622817
420249427
421267475
421347849
422501642
423902976
430219038
431311100
431473020
434334701
434401868
434563934
434565011
434662713
436693674
436809386
437786939
438756539
438848253
439071630
441381282
441382432
441952268
442426299
442902274
451377668
455899334
456749835
471460273
471723540
472056419
472360498
472821519
472845978
472848826
472877684
473764233
474369808
474593909
474593910
474856218
476542825
476676325
476725595
477306079
477317922
477332594
477342747
479633069
480248442
480432362
480536263
480680646
480745939
481694509
482911295
484322035
484451346
484660274
486618657
486997652
487550002
488970166
489146840
489772340
490331391
491652986
494850406
495707763
497430637
497677999
498506274
508963009
509050400
513273343
517746113
521950190
523922454
524086947
524279657
524303239
525105971
528497581
534982695
541696090
547498202
549256707
550457147
551527845
558070433
558070434
558070436
558984017
567234492
571841213
573930836
574317507
576858552
591892279
592507317
601481495
602200741
602724685
606293627
613345189
617459493
623441609
623441612
627882362
631070414
646432928
647575049
650573749
650663945
663577831
664047468
666726799
666726800
666726801
666726802
666726803
667042223
671538942
671738413
672328094
672342685
672346917
672353429
674539396
674839637
686241472
688053738
688275304
688335924
688496841
690147772
690608686
690608687
690608688
690608691
690608693
690608694
690608696
690608702
690608704
690608706
690804827
692283831
692437895
692611676
697091119
697652272
698029620
698438232
699094856
700818858
701272072
703007996
703018634
1010093017
1033698887
1043321643
1048861669
1056281929
1062342323
1089059487
1090010845
1096223397
1097496558
1112031857
1147353799
1164975438
1202504814
1202562007
1202948480
1205886701
1220621189
1243266187
1265680561
1267463286
1289434903
1322881625
1355412269
1376650682
1420419918
1434788295
1437582453
1472906636
1489377760
1501380958
1508519945
1520905828
1560641990
1570473318
1589117610
1601919108
1617739681
1658229747
1658766768
1666306454
1705007318
1721741513
1731513328
1734978373
1761499833
1765846847
1766612829
1780255602
1802011210
1825301994
1828506816
1844102339
1846208014
1849519124
1861416807
1875094289
1899153123
1900434152
1910896691
1926156228
1964786482
1968783589
1970998002
1994541396
2036015357
2052064438
2094031249
2100944625
2103954767
2111566071
2115139772
2123631024
2123801125
2138602891
2143967328
693
